time	V(n003)
0.000000000000000e+00	0.000000e+00
1.000000000000000e-03	0.000000e+00
1.000003887499402e-03	1.133629e-16
1.000011662498205e-03	7.900002e-16
1.000018564441877e-03	2.563734e-15
1.000025705734182e-03	7.156053e-15
1.000033565951590e-03	1.899351e-14
1.000044596451291e-03	5.621912e-14
1.000058448156861e-03	1.623951e-13
1.000077357623301e-03	4.902761e-13
1.000101546520499e-03	1.447198e-12
1.000134023900629e-03	4.366978e-12
1.000176105265887e-03	1.299860e-11
1.000232116268604e-03	3.914626e-11
1.000305201429815e-03	1.083878e-10
1.000372354612836e-03	2.318931e-10
1.000455553688450e-03	5.123776e-10
1.000549949968517e-03	1.083805e-09
1.000668932623853e-03	2.364763e-09
1.000808650789537e-03	5.044403e-09
1.000981937086934e-03	9.909860e-09
1.001000000000000e-03	1.055925e-08
1.001144427716403e-03	1.858390e-08
1.001309487963721e-03	3.354524e-08
1.001628110179750e-03	7.988314e-08
1.001981194310704e-03	1.687849e-07
1.002501861688491e-03	3.956237e-07
1.003119789482833e-03	8.643372e-07
1.003993012463653e-03	2.009336e-06
1.005083523132270e-03	4.489512e-06
1.006582597583232e-03	1.038227e-05
1.008507345762349e-03	2.348289e-05
1.011117080208583e-03	5.417122e-05
1.014530123517235e-03	1.235493e-04
1.019142166359852e-03	2.853214e-04
1.025272916943848e-03	6.562130e-04
1.033614052478620e-03	1.500360e-03
1.043379677478620e-03	3.054601e-03
1.053145302478620e-03	5.342685e-03
1.062910927478620e-03	8.497970e-03
1.072676552478620e-03	1.261361e-02
1.082442177478620e-03	1.776440e-02
1.092207802478620e-03	2.400814e-02
1.101973427478620e-03	3.138695e-02
1.111739052478620e-03	3.992857e-02
1.121504677478620e-03	4.964756e-02
1.131270302478620e-03	6.054645e-02
1.141035927478620e-03	7.261689e-02
1.150801552478620e-03	8.584068e-02
1.160567177478620e-03	1.001908e-01
1.170332802478620e-03	1.156324e-01
1.180098427478620e-03	1.321236e-01
1.189864052478620e-03	1.496166e-01
1.199629677478620e-03	1.680581e-01
1.219160927478620e-03	2.075525e-01
1.238692177478620e-03	2.501045e-01
1.258223427478620e-03	2.951727e-01
1.277754677478620e-03	3.421943e-01
1.307051552478620e-03	4.151502e-01
1.336348427478620e-03	4.893590e-01
1.365645302478620e-03	5.630755e-01
1.380991284621478e-03	6.013456e-01
1.396337266764335e-03	6.384426e-01
1.411683248907192e-03	6.743667e-01
1.427029231050049e-03	7.091179e-01
1.442375213192906e-03	7.426961e-01
1.457721195335763e-03	7.751014e-01
1.473067177478621e-03	8.063337e-01
1.488413159621478e-03	8.357057e-01
1.503759141764335e-03	8.633282e-01
1.519105123907192e-03	8.892012e-01
1.534451106050049e-03	9.133247e-01
1.549797088192906e-03	9.356987e-01
1.565143070335763e-03	9.563232e-01
1.580489052478621e-03	9.751981e-01
1.600020302478621e-03	9.966357e-01
1.609785927478621e-03	1.006308e+00
1.619551552478621e-03	1.015298e+00
1.629317177478621e-03	1.023616e+00
1.639082802478621e-03	1.031277e+00
1.648848427478621e-03	1.038297e+00
1.658614052478621e-03	1.044692e+00
1.668379677478621e-03	1.050479e+00
1.678145302478621e-03	1.055676e+00
1.687910927478621e-03	1.060304e+00
1.697676552478621e-03	1.064382e+00
1.707442177478621e-03	1.067930e+00
1.717207802478621e-03	1.070971e+00
1.726973427478621e-03	1.073525e+00
1.736739052478621e-03	1.075614e+00
1.746504677478621e-03	1.077262e+00
1.756270302478621e-03	1.078489e+00
1.766035927478621e-03	1.079319e+00
1.775801552478621e-03	1.079775e+00
1.785567177478621e-03	1.079877e+00
1.795332802478621e-03	1.079650e+00
1.805098427478621e-03	1.079113e+00
1.814864052478621e-03	1.078291e+00
1.824629677478621e-03	1.077203e+00
1.834395302478621e-03	1.075871e+00
1.853926552478621e-03	1.072556e+00
1.873457802478621e-03	1.068504e+00
1.892989052478621e-03	1.063866e+00
1.912520302478621e-03	1.058781e+00
1.932051552478621e-03	1.053379e+00
1.961348427478621e-03	1.044935e+00
1.990645302478620e-03	1.036391e+00
2.004596195335763e-03	1.032325e+00
2.018547088192906e-03	1.028382e+00
2.032497981050048e-03	1.024562e+00
2.046448873907191e-03	1.020865e+00
2.060399766764333e-03	1.017292e+00
2.074350659621476e-03	1.013843e+00
2.088301552478618e-03	1.010517e+00
2.117598427478618e-03	1.004205e+00
2.137129677478617e-03	1.000462e+00
2.156660927478617e-03	9.971057e-01
2.176192177478616e-03	9.941393e-01
2.185957802478616e-03	9.928020e-01
2.195723427478616e-03	9.915611e-01
2.205489052478616e-03	9.904155e-01
2.215254677478616e-03	9.893637e-01
2.225020302478615e-03	9.884044e-01
2.234785927478615e-03	9.875354e-01
2.244551552478615e-03	9.867547e-01
2.254317177478615e-03	9.860600e-01
2.264082802478615e-03	9.854487e-01
2.273848427478614e-03	9.849184e-01
2.283614052478614e-03	9.844660e-01
2.293379677478614e-03	9.840888e-01
2.303145302478614e-03	9.837836e-01
2.312910927478613e-03	9.835474e-01
2.322676552478613e-03	9.833771e-01
2.332442177478613e-03	9.832694e-01
2.342207802478613e-03	9.832209e-01
2.351973427478613e-03	9.832284e-01
2.361739052478612e-03	9.832886e-01
2.371504677478612e-03	9.833983e-01
2.381270302478612e-03	9.835539e-01
2.391035927478612e-03	9.837524e-01
2.410567177478611e-03	9.842650e-01
2.430098427478611e-03	9.849107e-01
2.449629677478611e-03	9.856653e-01
2.469160927478610e-03	9.865057e-01
2.488692177478610e-03	9.874104e-01
2.508223427478609e-03	9.883593e-01
2.537520302478609e-03	9.898258e-01
2.566817177478608e-03	9.912962e-01
2.580768070335750e-03	9.919918e-01
2.594718963192893e-03	9.926656e-01
2.608669856050036e-03	9.933174e-01
2.622620748907178e-03	9.939473e-01
2.636571641764321e-03	9.945552e-01
2.650522534621464e-03	9.951412e-01
2.664473427478606e-03	9.957053e-01
2.693770302478605e-03	9.967762e-01
2.723067177478605e-03	9.977044e-01
2.742598427478604e-03	9.982415e-01
2.752364052478604e-03	9.984854e-01
2.762129677478604e-03	9.987131e-01
2.771895302478604e-03	9.989245e-01
2.781660927478604e-03	9.991200e-01
2.791426552478603e-03	9.992997e-01
2.801192177478603e-03	9.994640e-01
2.810957802478603e-03	9.996132e-01
2.820723427478603e-03	9.997475e-01
2.830489052478602e-03	9.998676e-01
2.840254677478602e-03	9.999735e-01
2.850020302478602e-03	1.000066e+00
2.859785927478602e-03	1.000146e+00
2.869551552478602e-03	1.000212e+00
2.879317177478601e-03	1.000267e+00
2.889082802478601e-03	1.000311e+00
2.898848427478601e-03	1.000343e+00
2.908614052478601e-03	1.000365e+00
2.918379677478601e-03	1.000377e+00
2.928145302478600e-03	1.000379e+00
2.937910927478600e-03	1.000373e+00
2.947676552478600e-03	1.000358e+00
2.957442177478600e-03	1.000336e+00
2.967207802478600e-03	1.000307e+00
2.976973427478599e-03	1.000270e+00
2.996504677478599e-03	1.000180e+00
3.016035927478599e-03	1.000070e+00
3.035567177478598e-03	9.999427e-01
3.055098427478598e-03	9.998028e-01
3.074629677478597e-03	9.996537e-01
3.103926552478597e-03	9.994193e-01
3.133223427478596e-03	9.991807e-01
3.162520302478595e-03	9.989457e-01
3.176471195335738e-03	9.988361e-01
3.190422088192881e-03	9.987306e-01
3.204372981050023e-03	9.986292e-01
3.218323873907166e-03	9.985318e-01
3.232274766764308e-03	9.984386e-01
3.246225659621451e-03	9.983494e-01
3.260176552478593e-03	9.982643e-01
3.289473427478593e-03	9.981045e-01
3.309004677478592e-03	9.980110e-01
3.328535927478592e-03	9.979283e-01
3.338301552478592e-03	9.978909e-01
3.348067177478591e-03	9.978561e-01
3.357832802478591e-03	9.978240e-01
3.367598427478591e-03	9.977944e-01
3.377364052478591e-03	9.977673e-01
3.387129677478591e-03	9.977428e-01
3.396895302478590e-03	9.977206e-01
3.406660927478590e-03	9.977008e-01
3.416426552478590e-03	9.976832e-01
3.426192177478590e-03	9.976678e-01
3.435957802478590e-03	9.976547e-01
3.445723427478589e-03	9.976435e-01
3.455489052478589e-03	9.976344e-01
3.465254677478589e-03	9.976271e-01
3.475020302478589e-03	9.976216e-01
3.484785927478589e-03	9.976178e-01
3.494551552478588e-03	9.976157e-01
3.504317177478588e-03	9.976152e-01
3.514082802478588e-03	9.976161e-01
3.523848427478588e-03	9.976183e-01
3.533614052478587e-03	9.976218e-01
3.543379677478587e-03	9.976264e-01
3.553145302478587e-03	9.976323e-01
3.572676552478587e-03	9.976468e-01
3.592207802478586e-03	9.976647e-01
3.611739052478586e-03	9.976853e-01
3.631270302478585e-03	9.977081e-01
3.650801552478585e-03	9.977323e-01
3.680098427478584e-03	9.977706e-01
3.709395302478584e-03	9.978096e-01
3.738692177478583e-03	9.978481e-01
3.752643070335725e-03	9.978661e-01
3.766593963192868e-03	9.978834e-01
3.780544856050011e-03	9.979000e-01
3.794495748907153e-03	9.979160e-01
3.808446641764296e-03	9.979313e-01
3.822397534621439e-03	9.979459e-01
3.836348427478581e-03	9.979599e-01
3.865645302478580e-03	9.979863e-01
3.885176552478580e-03	9.980016e-01
3.904707802478580e-03	9.980153e-01
3.914473427478579e-03	9.980215e-01
3.924239052478579e-03	9.980272e-01
3.934004677478579e-03	9.980325e-01
3.943770302478579e-03	9.980375e-01
3.953535927478579e-03	9.980419e-01
3.963301552478578e-03	9.980460e-01
3.973067177478578e-03	9.980497e-01
3.982832802478578e-03	9.980530e-01
3.992598427478578e-03	9.980559e-01
4.002364052478577e-03	9.980584e-01
4.012129677478577e-03	9.980607e-01
4.021895302478577e-03	9.980626e-01
4.031660927478577e-03	9.980641e-01
4.041426552478577e-03	9.980654e-01
4.051192177478576e-03	9.980663e-01
4.060957802478576e-03	9.980670e-01
4.070723427478576e-03	9.980673e-01
4.080489052478576e-03	9.980674e-01
4.090254677478576e-03	9.980673e-01
4.100020302478575e-03	9.980670e-01
4.109785927478575e-03	9.980665e-01
4.119551552478575e-03	9.980657e-01
4.129317177478575e-03	9.980648e-01
4.148848427478574e-03	9.980625e-01
4.168379677478574e-03	9.980596e-01
4.187910927478574e-03	9.980563e-01
4.207442177478573e-03	9.980526e-01
4.226973427478573e-03	9.980487e-01
4.256270302478572e-03	9.980424e-01
4.285567177478571e-03	9.980360e-01
4.314864052478571e-03	9.980298e-01
4.328814945335714e-03	9.980268e-01
4.342765838192856e-03	9.980240e-01
4.356716731049998e-03	9.980213e-01
4.370667623907141e-03	9.980186e-01
4.384618516764284e-03	9.980161e-01
4.398569409621426e-03	9.980137e-01
4.412520302478569e-03	9.980114e-01
4.441817177478568e-03	9.980071e-01
4.461348427478568e-03	9.980046e-01
4.480879677478567e-03	9.980023e-01
4.490645302478567e-03	9.980013e-01
4.500410927478567e-03	9.980003e-01
4.510176552478567e-03	9.979994e-01
4.519942177478566e-03	9.979987e-01
4.529707802478566e-03	9.979979e-01
4.539473427478566e-03	9.979972e-01
4.549239052478566e-03	9.979966e-01
4.559004677478566e-03	9.979961e-01
4.568770302478565e-03	9.979956e-01
4.578535927478565e-03	9.979951e-01
4.588301552478565e-03	9.979948e-01
4.598067177478565e-03	9.979945e-01
4.607832802478565e-03	9.979942e-01
4.617598427478564e-03	9.979940e-01
4.627364052478564e-03	9.979938e-01
4.637129677478564e-03	9.979937e-01
4.646895302478564e-03	9.979936e-01
4.656660927478564e-03	9.979936e-01
4.666426552478563e-03	9.979936e-01
4.676192177478563e-03	9.979937e-01
4.685957802478563e-03	9.979938e-01
4.695723427478563e-03	9.979939e-01
4.715254677478562e-03	9.979942e-01
4.734785927478562e-03	9.979946e-01
4.754317177478561e-03	9.979951e-01
4.773848427478561e-03	9.979957e-01
4.793379677478561e-03	9.979963e-01
4.812910927478560e-03	9.979970e-01
4.842207802478560e-03	9.979980e-01
4.871504677478559e-03	9.979991e-01
4.885455570335702e-03	9.979996e-01
4.899406463192844e-03	9.980000e-01
4.913357356049987e-03	9.980005e-01
4.927308248907129e-03	9.980010e-01
4.941259141764272e-03	9.980014e-01
4.955210034621414e-03	9.980018e-01
4.969160927478557e-03	9.980022e-01
4.983111820335700e-03	9.980026e-01
4.997062713192842e-03	9.980030e-01
5.011013606049984e-03	9.980033e-01
5.024964498907127e-03	9.980036e-01
5.038915391764270e-03	9.980039e-01
5.052866284621412e-03	9.980042e-01
5.066817177478555e-03	9.980044e-01
5.076582802478555e-03	9.980046e-01
5.086348427478554e-03	9.980047e-01
5.096114052478554e-03	9.980049e-01
5.105879677478554e-03	9.980050e-01
5.115645302478554e-03	9.980051e-01
5.125410927478554e-03	9.980052e-01
5.135176552478553e-03	9.980053e-01
5.144942177478553e-03	9.980053e-01
5.154707802478553e-03	9.980054e-01
5.164473427478553e-03	9.980055e-01
5.174239052478553e-03	9.980056e-01
5.184004677478552e-03	9.980056e-01
5.193770302478552e-03	9.980056e-01
5.203535927478552e-03	9.980056e-01
5.213301552478552e-03	9.980057e-01
5.223067177478551e-03	9.980057e-01
5.232832802478551e-03	9.980057e-01
5.242598427478551e-03	9.980057e-01
5.262129677478551e-03	9.980057e-01
5.281660927478550e-03	9.980056e-01
5.301192177478550e-03	9.980056e-01
5.320723427478549e-03	9.980055e-01
5.340254677478549e-03	9.980054e-01
5.359785927478549e-03	9.980053e-01
5.389082802478548e-03	9.980052e-01
5.418379677478547e-03	9.980050e-01
5.447676552478547e-03	9.980048e-01
5.464417623907118e-03	9.980047e-01
5.481158695335689e-03	9.980046e-01
5.497899766764260e-03	9.980045e-01
5.514640838192831e-03	9.980045e-01
5.531381909621402e-03	9.980044e-01
5.548122981049973e-03	9.980043e-01
5.564864052478544e-03	9.980042e-01
5.583000213192829e-03	9.980041e-01
5.601136373907115e-03	9.980040e-01
5.619272534621400e-03	9.980040e-01
5.637408695335686e-03	9.980039e-01
5.655544856049971e-03	9.980039e-01
5.673681016764257e-03	9.980039e-01
5.691817177478541e-03	9.980038e-01
5.711348427478541e-03	9.980038e-01
5.730879677478541e-03	9.980038e-01
5.750410927478540e-03	9.980037e-01
5.769942177478540e-03	9.980037e-01
5.789473427478539e-03	9.980037e-01
5.809004677478539e-03	9.980037e-01
5.838301552478538e-03	9.980037e-01
5.867598427478538e-03	9.980037e-01
5.896895302478537e-03	9.980037e-01
5.926192177478536e-03	9.980038e-01
5.947118516764251e-03	9.980038e-01
5.968044856049964e-03	9.980038e-01
5.988971195335678e-03	9.980038e-01
6.009897534621392e-03	9.980038e-01
6.030823873907106e-03	9.980039e-01
6.051750213192819e-03	9.980039e-01
6.072676552478533e-03	9.980039e-01
6.100578338192818e-03	9.980039e-01
6.128480123907104e-03	9.980039e-01
6.156381909621388e-03	9.980040e-01
6.184283695335674e-03	9.980040e-01
6.212185481049959e-03	9.980040e-01
6.240087266764244e-03	9.980040e-01
6.267989052478529e-03	9.980040e-01
6.304261373907100e-03	9.980040e-01
6.340533695335671e-03	9.980040e-01
6.376806016764242e-03	9.980040e-01
6.413078338192811e-03	9.980040e-01
6.449350659621382e-03	9.980040e-01
6.485622981049953e-03	9.980040e-01
6.521895302478524e-03	9.980040e-01
6.560957802478523e-03	9.980040e-01
6.600020302478522e-03	9.980040e-01
6.639082802478521e-03	9.980040e-01
6.678145302478520e-03	9.980040e-01
6.717207802478520e-03	9.980040e-01
6.756270302478519e-03	9.980040e-01
6.795332802478518e-03	9.980040e-01
6.860901998907088e-03	9.980040e-01
6.926471195335658e-03	9.980040e-01
6.992040391764228e-03	9.980040e-01
7.057609588192798e-03	9.980040e-01
7.123178784621368e-03	9.980040e-01
7.188747981049938e-03	9.980040e-01
7.254317177478508e-03	9.980040e-01
7.388245748907077e-03	9.980040e-01
7.522174320335646e-03	9.980040e-01
7.656102891764214e-03	9.980040e-01
7.790031463192783e-03	9.980040e-01
7.923960034621352e-03	9.980040e-01
8.057888606049921e-03	9.980040e-01
8.191817177478489e-03	9.980040e-01
9.490645302478461e-03	9.980040e-01
9.998457802478451e-03	9.980040e-01
1.000000000000000e-02	9.980040e-01
