time	V(n003)
0.000000000000000e+00	0.000000e+00
1.000000000000000e-03	0.000000e+00
1.000003887499402e-03	3.680231e-17
1.000011662498205e-03	2.564769e-16
1.000018564844837e-03	8.571613e-16
1.000026338289050e-03	2.547013e-15
1.000034090150438e-03	6.567168e-15
1.000045629281314e-03	1.994140e-14
1.000059487144154e-03	5.661637e-14
1.000079059784296e-03	1.734510e-13
1.000103477447231e-03	5.069381e-13
1.000136883191663e-03	1.542058e-12
1.000179566976725e-03	4.564458e-12
1.000236975452578e-03	1.380810e-11
1.000311304600840e-03	3.824262e-11
1.000381462805534e-03	8.300300e-11
1.000465633939170e-03	1.817405e-10
1.000563038051996e-03	3.868328e-10
1.000683902716386e-03	8.397165e-10
1.000827475699387e-03	1.792581e-09
1.001000000000000e-03	3.436358e-09
1.001126384240760e-03	5.399813e-09
1.001252768481520e-03	8.713935e-09
1.001379152722281e-03	1.337872e-08
1.001505536963041e-03	1.939418e-08
1.001631921203801e-03	2.676030e-08
1.001758305444561e-03	3.547708e-08
1.001884689685321e-03	4.554453e-08
1.002364472057295e-03	1.051750e-07
1.002948059827293e-03	2.313685e-07
1.003753788701084e-03	5.328740e-07
1.004773042251566e-03	1.194423e-06
1.006153938908408e-03	2.745157e-06
1.007935079219514e-03	6.210835e-06
1.010322333972228e-03	1.424752e-05
1.013437432107971e-03	3.240320e-05
1.017593145288577e-03	7.429316e-05
1.023061640120584e-03	1.696327e-04
1.030358560222244e-03	3.894455e-04
1.040045027795576e-03	8.676219e-04
1.049810652795576e-03	1.610223e-03
1.059576277795576e-03	2.683425e-03
1.069341902795576e-03	4.142217e-03
1.079107527795576e-03	6.037154e-03
1.088873152795577e-03	8.414801e-03
1.098638777795577e-03	1.131770e-02
1.108404402795577e-03	1.478437e-02
1.118170027795577e-03	1.884925e-02
1.127935652795577e-03	2.354276e-02
1.137701277795577e-03	2.889131e-02
1.147466902795577e-03	3.491729e-02
1.157232527795577e-03	4.163918e-02
1.166998152795577e-03	4.907154e-02
1.176763777795577e-03	5.722510e-02
1.186529402795577e-03	6.610686e-02
1.196295027795577e-03	7.572015e-02
1.206060652795577e-03	8.606471e-02
1.215826277795577e-03	9.713684e-02
1.225591902795577e-03	1.089295e-01
1.235357527795577e-03	1.214323e-01
1.245123152795577e-03	1.346320e-01
1.264654402795577e-03	1.630535e-01
1.284185652795577e-03	1.940300e-01
1.303716902795577e-03	2.273574e-01
1.333013777795577e-03	2.812238e-01
1.362310652795577e-03	3.389038e-01
1.391607527795577e-03	3.993571e-01
1.420904402795577e-03	4.614738e-01
1.450201277795577e-03	5.241152e-01
1.479498152795577e-03	5.861514e-01
1.492053956367005e-03	6.124643e-01
1.504609759938434e-03	6.381984e-01
1.517165563509863e-03	6.633535e-01
1.529721367081291e-03	6.879298e-01
1.542277170652720e-03	7.119272e-01
1.554832974224148e-03	7.353457e-01
1.567388777795577e-03	7.581854e-01
1.586920027795577e-03	7.918187e-01
1.596685652795577e-03	8.078406e-01
1.606451277795577e-03	8.233029e-01
1.616216902795577e-03	8.381857e-01
1.625982527795577e-03	8.524710e-01
1.635748152795577e-03	8.661427e-01
1.645513777795577e-03	8.791869e-01
1.655279402795577e-03	8.915915e-01
1.665045027795577e-03	9.033464e-01
1.674810652795577e-03	9.144435e-01
1.684576277795577e-03	9.248767e-01
1.694341902795577e-03	9.346421e-01
1.704107527795577e-03	9.437373e-01
1.713873152795577e-03	9.521622e-01
1.723638777795577e-03	9.599184e-01
1.733404402795577e-03	9.670093e-01
1.743170027795577e-03	9.734403e-01
1.752935652795577e-03	9.792182e-01
1.772466902795577e-03	9.888518e-01
1.791998152795577e-03	9.959989e-01
1.811529402795577e-03	1.000772e+00
1.831060652795577e-03	1.003307e+00
1.850591902795577e-03	1.003756e+00
1.870123152795577e-03	1.002290e+00
1.889654402795577e-03	9.990916e-01
1.909185652795577e-03	9.943568e-01
1.928716902795577e-03	9.882880e-01
1.948248152795577e-03	9.810929e-01
1.967779402795577e-03	9.729819e-01
1.987310652795577e-03	9.641649e-01
2.016607527795576e-03	9.500672e-01
2.045904402795575e-03	9.355196e-01
2.054274938509861e-03	9.313381e-01
2.062645474224147e-03	9.272179e-01
2.071016009938432e-03	9.231591e-01
2.079386545652717e-03	9.191616e-01
2.087757081367003e-03	9.152255e-01
2.096127617081289e-03	9.113508e-01
2.104498152795574e-03	9.075373e-01
2.114263777795574e-03	9.032552e-01
2.124029402795574e-03	8.991297e-01
2.133795027795574e-03	8.951766e-01
2.143560652795573e-03	8.914105e-01
2.153326277795573e-03	8.878450e-01
2.163091902795573e-03	8.844925e-01
2.172857527795573e-03	8.813645e-01
2.182623152795572e-03	8.784713e-01
2.192388777795572e-03	8.758219e-01
2.202154402795572e-03	8.734245e-01
2.221685652795572e-03	8.694124e-01
2.241216902795571e-03	8.664770e-01
2.260748152795571e-03	8.646432e-01
2.280279402795570e-03	8.639188e-01
2.299810652795570e-03	8.642957e-01
2.319341902795570e-03	8.657500e-01
2.338873152795569e-03	8.682439e-01
2.358404402795569e-03	8.717263e-01
2.377935652795568e-03	8.761345e-01
2.397466902795568e-03	8.813950e-01
2.416998152795567e-03	8.874256e-01
2.436529402795567e-03	8.941368e-01
2.456060652795567e-03	9.014330e-01
2.485357527795566e-03	9.132546e-01
2.514654402795565e-03	9.258195e-01
2.543951277795565e-03	9.387768e-01
2.573248152795564e-03	9.517837e-01
2.651373152795562e-03	9.843184e-01
2.670904402795562e-03	9.915227e-01
2.680670027795562e-03	9.949384e-01
2.690435652795562e-03	9.982203e-01
2.700201277795561e-03	1.001362e+00
2.709966902795561e-03	1.004358e+00
2.719732527795561e-03	1.007204e+00
2.729498152795561e-03	1.009894e+00
2.739263777795561e-03	1.012424e+00
2.749029402795560e-03	1.014791e+00
2.758795027795560e-03	1.016993e+00
2.768560652795560e-03	1.019027e+00
2.778326277795560e-03	1.020890e+00
2.788091902795560e-03	1.022583e+00
2.797857527795559e-03	1.024105e+00
2.817388777795559e-03	1.026634e+00
2.836920027795559e-03	1.028485e+00
2.856451277795558e-03	1.029672e+00
2.875982527795558e-03	1.030216e+00
2.895513777795557e-03	1.030147e+00
2.915045027795557e-03	1.029500e+00
2.934576277795556e-03	1.028316e+00
2.954107527795556e-03	1.026642e+00
2.973638777795556e-03	1.024527e+00
2.993170027795555e-03	1.022024e+00
3.012701277795555e-03	1.019189e+00
3.032232527795554e-03	1.016079e+00
3.061529402795554e-03	1.011027e+00
3.090826277795553e-03	1.005682e+00
3.120123152795553e-03	1.000234e+00
3.188482527795551e-03	9.881002e-01
3.208013777795551e-03	9.849868e-01
3.217779402795550e-03	9.835134e-01
3.227545027795550e-03	9.821010e-01
3.237310652795550e-03	9.807531e-01
3.247076277795550e-03	9.794734e-01
3.256841902795550e-03	9.782649e-01
3.266607527795549e-03	9.771304e-01
3.276373152795549e-03	9.760724e-01
3.286138777795549e-03	9.750931e-01
3.295904402795549e-03	9.741942e-01
3.305670027795549e-03	9.733775e-01
3.315435652795548e-03	9.726440e-01
3.334966902795548e-03	9.714301e-01
3.354498152795548e-03	9.705564e-01
3.374029402795547e-03	9.700217e-01
3.393560652795547e-03	9.698207e-01
3.413091902795546e-03	9.699436e-01
3.432623152795546e-03	9.703768e-01
3.452154402795545e-03	9.711031e-01
3.471685652795545e-03	9.721023e-01
3.491216902795545e-03	9.733514e-01
3.510748152795544e-03	9.748249e-01
3.530279402795544e-03	9.764956e-01
3.549810652795543e-03	9.783350e-01
3.569341902795543e-03	9.803131e-01
3.598638777795542e-03	9.834745e-01
3.627935652795542e-03	9.867778e-01
3.657232527795541e-03	9.901232e-01
3.668393242081255e-03	9.913998e-01
3.679553956366969e-03	9.926521e-01
3.690714670652683e-03	9.938803e-01
3.701875384938397e-03	9.950842e-01
3.713036099224111e-03	9.962638e-01
3.724196813509825e-03	9.974192e-01
3.735357527795539e-03	9.985504e-01
3.745123152795539e-03	9.994993e-01
3.754888777795539e-03	1.000416e+00
3.764654402795539e-03	1.001299e+00
3.774420027795539e-03	1.002146e+00
3.784185652795538e-03	1.002955e+00
3.793951277795538e-03	1.003725e+00
3.803716902795538e-03	1.004453e+00
3.813482527795538e-03	1.005139e+00
3.823248152795538e-03	1.005781e+00
3.833013777795537e-03	1.006378e+00
3.842779402795537e-03	1.006930e+00
3.852545027795537e-03	1.007436e+00
3.862310652795537e-03	1.007894e+00
3.872076277795536e-03	1.008306e+00
3.891607527795536e-03	1.008987e+00
3.911138777795536e-03	1.009478e+00
3.930670027795536e-03	1.009784e+00
3.950201277795535e-03	1.009907e+00
3.969732527795535e-03	1.009856e+00
3.989263777795534e-03	1.009640e+00
4.008795027795534e-03	1.009269e+00
4.028326277795534e-03	1.008755e+00
4.047857527795533e-03	1.008113e+00
4.067388777795533e-03	1.007355e+00
4.086920027795532e-03	1.006499e+00
4.106451277795532e-03	1.005560e+00
4.135748152795531e-03	1.004030e+00
4.165045027795531e-03	1.002406e+00
4.194341902795530e-03	1.000742e+00
4.205502617081244e-03	1.000102e+00
4.216663331366958e-03	9.994730e-01
4.227824045652672e-03	9.988547e-01
4.238984759938386e-03	9.982472e-01
4.250145474224100e-03	9.976505e-01
4.261306188509814e-03	9.970646e-01
4.272466902795528e-03	9.964895e-01
4.291998152795528e-03	9.955397e-01
4.301763777795528e-03	9.950896e-01
4.311529402795528e-03	9.946575e-01
4.321295027795527e-03	9.942444e-01
4.331060652795527e-03	9.938514e-01
4.340826277795527e-03	9.934793e-01
4.350591902795527e-03	9.931289e-01
4.360357527795527e-03	9.928010e-01
4.370123152795526e-03	9.924961e-01
4.379888777795526e-03	9.922147e-01
4.389654402795526e-03	9.919574e-01
4.399420027795526e-03	9.917243e-01
4.409185652795525e-03	9.915159e-01
4.428716902795525e-03	9.911733e-01
4.448248152795525e-03	9.909299e-01
4.467779402795524e-03	9.907848e-01
4.487310652795524e-03	9.907356e-01
4.506841902795523e-03	9.907790e-01
4.526373152795523e-03	9.909105e-01
4.545904402795523e-03	9.911247e-01
4.565435652795522e-03	9.914154e-01
4.584966902795522e-03	9.917756e-01
4.604498152795521e-03	9.921975e-01
4.624029402795521e-03	9.926733e-01
4.643560652795520e-03	9.931944e-01
4.672857527795520e-03	9.940422e-01
4.702154402795519e-03	9.949431e-01
4.731451277795519e-03	9.958680e-01
4.742611992081233e-03	9.962241e-01
4.753772706366947e-03	9.965748e-01
4.764933420652661e-03	9.969199e-01
4.776094134938375e-03	9.972596e-01
4.787254849224089e-03	9.975938e-01
4.798415563509803e-03	9.979225e-01
4.809576277795517e-03	9.982457e-01
4.829107527795517e-03	9.987813e-01
4.838873152795516e-03	9.990361e-01
4.848638777795516e-03	9.992814e-01
4.858404402795516e-03	9.995165e-01
4.868170027795516e-03	9.997410e-01
4.877935652795515e-03	9.999543e-01
4.887701277795515e-03	1.000156e+00
4.897466902795515e-03	1.000346e+00
4.907232527795515e-03	1.000523e+00
4.916998152795515e-03	1.000688e+00
4.926763777795514e-03	1.000840e+00
4.936529402795514e-03	1.000979e+00
4.946295027795514e-03	1.001104e+00
4.956060652795514e-03	1.001217e+00
4.975591902795513e-03	1.001401e+00
4.995123152795513e-03	1.001531e+00
5.014654402795513e-03	1.001609e+00
5.034185652795512e-03	1.001635e+00
5.053716902795512e-03	1.001611e+00
5.073248152795511e-03	1.001541e+00
5.092779402795511e-03	1.001426e+00
5.112310652795510e-03	1.001271e+00
5.131841902795510e-03	1.001080e+00
5.151373152795510e-03	1.000856e+00
5.170904402795509e-03	1.000604e+00
5.190435652795509e-03	1.000328e+00
5.219732527795508e-03	9.998807e-01
5.249029402795508e-03	9.994065e-01
5.278326277795507e-03	9.989213e-01
5.289486992081221e-03	9.987349e-01
5.300647706366935e-03	9.985516e-01
5.311808420652649e-03	9.983714e-01
5.322969134938363e-03	9.981944e-01
5.334129849224077e-03	9.980206e-01
5.345290563509791e-03	9.978499e-01
5.356451277795505e-03	9.976823e-01
5.375982527795505e-03	9.974055e-01
5.385748152795505e-03	9.972742e-01
5.395513777795504e-03	9.971480e-01
5.405279402795504e-03	9.970275e-01
5.415045027795504e-03	9.969126e-01
5.424810652795504e-03	9.968038e-01
5.434576277795504e-03	9.967012e-01
5.444341902795503e-03	9.966052e-01
5.454107527795503e-03	9.965157e-01
5.463873152795503e-03	9.964330e-01
5.473638777795503e-03	9.963572e-01
5.483404402795503e-03	9.962884e-01
5.493170027795502e-03	9.962267e-01
5.512701277795502e-03	9.961247e-01
5.532232527795502e-03	9.960512e-01
5.551763777795501e-03	9.960060e-01
5.571295027795501e-03	9.959884e-01
5.590826277795500e-03	9.959975e-01
5.610357527795500e-03	9.960319e-01
5.629888777795499e-03	9.960902e-01
5.649420027795499e-03	9.961705e-01
5.668951277795499e-03	9.962708e-01
5.688482527795498e-03	9.963889e-01
5.708013777795498e-03	9.965227e-01
5.727545027795497e-03	9.966695e-01
5.747076277795497e-03	9.968270e-01
5.776373152795496e-03	9.970777e-01
5.805670027795496e-03	9.973384e-01
5.834966902795495e-03	9.976007e-01
5.903326277795494e-03	9.981781e-01
5.913091902795493e-03	9.982530e-01
5.922857527795493e-03	9.983253e-01
5.932623152795493e-03	9.983950e-01
5.942388777795493e-03	9.984618e-01
5.952154402795493e-03	9.985256e-01
5.961920027795492e-03	9.985862e-01
5.971685652795492e-03	9.986435e-01
5.981451277795492e-03	9.986973e-01
5.991216902795492e-03	9.987477e-01
6.000982527795492e-03	9.987944e-01
6.010748152795491e-03	9.988375e-01
6.020513777795491e-03	9.988769e-01
6.030279402795491e-03	9.989125e-01
6.040045027795491e-03	9.989442e-01
6.059576277795490e-03	9.989963e-01
6.079107527795490e-03	9.990330e-01
6.098638777795489e-03	9.990546e-01
6.118170027795489e-03	9.990615e-01
6.137701277795489e-03	9.990542e-01
6.157232527795488e-03	9.990335e-01
6.176763777795488e-03	9.990003e-01
6.196295027795487e-03	9.989554e-01
6.215826277795487e-03	9.989002e-01
6.235357527795487e-03	9.988356e-01
6.254888777795486e-03	9.987629e-01
6.274420027795486e-03	9.986835e-01
6.303716902795485e-03	9.985548e-01
6.333013777795484e-03	9.984183e-01
6.362310652795484e-03	9.982787e-01
6.373471367081198e-03	9.982251e-01
6.384632081366912e-03	9.981724e-01
6.395792795652626e-03	9.981206e-01
6.406953509938340e-03	9.980696e-01
6.418114224224054e-03	9.980196e-01
6.429274938509768e-03	9.979705e-01
6.440435652795482e-03	9.979222e-01
6.459966902795482e-03	9.978425e-01
6.469732527795482e-03	9.978046e-01
6.479498152795481e-03	9.977683e-01
6.489263777795481e-03	9.977336e-01
6.499029402795481e-03	9.977005e-01
6.508795027795481e-03	9.976691e-01
6.518560652795480e-03	9.976395e-01
6.528326277795480e-03	9.976118e-01
6.538091902795480e-03	9.975859e-01
6.547857527795480e-03	9.975620e-01
6.557623152795480e-03	9.975401e-01
6.567388777795479e-03	9.975202e-01
6.577154402795479e-03	9.975023e-01
6.596685652795479e-03	9.974726e-01
6.616216902795478e-03	9.974512e-01
6.635748152795478e-03	9.974378e-01
6.655279402795478e-03	9.974324e-01
6.674810652795477e-03	9.974346e-01
6.694341902795477e-03	9.974442e-01
6.713873152795476e-03	9.974605e-01
6.733404402795476e-03	9.974831e-01
6.752935652795476e-03	9.975115e-01
6.772466902795475e-03	9.975451e-01
6.791998152795475e-03	9.975831e-01
6.811529402795474e-03	9.976249e-01
6.831060652795474e-03	9.976697e-01
6.860357527795473e-03	9.977412e-01
6.889654402795473e-03	9.978155e-01
6.918951277795472e-03	9.978905e-01
6.987310652795471e-03	9.980555e-01
6.997076277795470e-03	9.980769e-01
7.006841902795470e-03	9.980975e-01
7.016607527795470e-03	9.981174e-01
7.026373152795470e-03	9.981365e-01
7.036138777795469e-03	9.981548e-01
7.045904402795469e-03	9.981721e-01
7.055670027795469e-03	9.981885e-01
7.065435652795469e-03	9.982039e-01
7.075201277795469e-03	9.982183e-01
7.084966902795468e-03	9.982317e-01
7.094732527795468e-03	9.982440e-01
7.104498152795468e-03	9.982553e-01
7.114263777795468e-03	9.982654e-01
7.124029402795468e-03	9.982746e-01
7.143560652795467e-03	9.982895e-01
7.163091902795467e-03	9.983000e-01
7.182623152795466e-03	9.983062e-01
7.202154402795466e-03	9.983082e-01
7.221685652795466e-03	9.983061e-01
7.241216902795465e-03	9.983002e-01
7.260748152795465e-03	9.982907e-01
7.280279402795464e-03	9.982778e-01
7.299810652795464e-03	9.982620e-01
7.319341902795463e-03	9.982435e-01
7.338873152795463e-03	9.982227e-01
7.358404402795463e-03	9.982000e-01
7.387701277795462e-03	9.981631e-01
7.416998152795461e-03	9.981240e-01
7.446295027795461e-03	9.980840e-01
7.457455742081175e-03	9.980686e-01
7.468616456366889e-03	9.980535e-01
7.479777170652603e-03	9.980387e-01
7.490937884938317e-03	9.980240e-01
7.502098599224031e-03	9.980097e-01
7.513259313509745e-03	9.979956e-01
7.524420027795459e-03	9.979818e-01
7.543951277795459e-03	9.979589e-01
7.553716902795458e-03	9.979481e-01
7.563482527795458e-03	9.979376e-01
7.573248152795458e-03	9.979276e-01
7.583013777795458e-03	9.979181e-01
7.592779402795458e-03	9.979091e-01
7.602545027795457e-03	9.979005e-01
7.612310652795457e-03	9.978926e-01
7.622076277795457e-03	9.978852e-01
7.631841902795457e-03	9.978783e-01
7.641607527795457e-03	9.978720e-01
7.651373152795456e-03	9.978663e-01
7.661138777795456e-03	9.978611e-01
7.680670027795456e-03	9.978526e-01
7.700201277795455e-03	9.978464e-01
7.719732527795455e-03	9.978424e-01
7.739263777795454e-03	9.978408e-01
7.758795027795454e-03	9.978414e-01
7.778326277795454e-03	9.978440e-01
7.797857527795453e-03	9.978487e-01
7.817388777795453e-03	9.978551e-01
7.836920027795452e-03	9.978632e-01
7.856451277795452e-03	9.978728e-01
7.875982527795452e-03	9.978836e-01
7.895513777795451e-03	9.978955e-01
7.915045027795451e-03	9.979084e-01
7.944341902795450e-03	9.979287e-01
7.973638777795449e-03	9.979500e-01
8.002935652795449e-03	9.979715e-01
8.071295027795447e-03	9.980187e-01
8.090826277795447e-03	9.980307e-01
8.100591902795447e-03	9.980364e-01
8.110357527795447e-03	9.980419e-01
8.120123152795446e-03	9.980471e-01
8.129888777795446e-03	9.980521e-01
8.139654402795446e-03	9.980568e-01
8.149420027795446e-03	9.980612e-01
8.159185652795446e-03	9.980654e-01
8.168951277795445e-03	9.980692e-01
8.178716902795445e-03	9.980727e-01
8.188482527795445e-03	9.980760e-01
8.198248152795445e-03	9.980789e-01
8.217779402795444e-03	9.980838e-01
8.237310652795444e-03	9.980875e-01
8.256841902795443e-03	9.980898e-01
8.276373152795443e-03	9.980910e-01
8.295904402795443e-03	9.980910e-01
8.315435652795442e-03	9.980899e-01
8.334966902795442e-03	9.980877e-01
8.354498152795441e-03	9.980845e-01
8.374029402795441e-03	9.980804e-01
8.393560652795441e-03	9.980755e-01
8.413091902795440e-03	9.980699e-01
8.432623152795440e-03	9.980636e-01
8.452154402795439e-03	9.980569e-01
8.481451277795439e-03	9.980461e-01
8.510748152795438e-03	9.980348e-01
8.540045027795437e-03	9.980233e-01
8.618170027795436e-03	9.979945e-01
8.627935652795436e-03	9.979913e-01
8.637701277795435e-03	9.979881e-01
8.647466902795435e-03	9.979851e-01
8.657232527795435e-03	9.979823e-01
8.666998152795435e-03	9.979796e-01
8.676763777795434e-03	9.979770e-01
8.686529402795434e-03	9.979745e-01
8.696295027795434e-03	9.979722e-01
8.706060652795434e-03	9.979701e-01
8.715826277795434e-03	9.979681e-01
8.725591902795433e-03	9.979663e-01
8.735357527795433e-03	9.979647e-01
8.745123152795433e-03	9.979632e-01
8.764654402795433e-03	9.979607e-01
8.784185652795432e-03	9.979590e-01
8.803716902795432e-03	9.979578e-01
8.823248152795431e-03	9.979573e-01
8.842779402795431e-03	9.979575e-01
8.862310652795431e-03	9.979582e-01
8.881841902795430e-03	9.979596e-01
8.901373152795430e-03	9.979614e-01
8.920904402795429e-03	9.979637e-01
8.940435652795429e-03	9.979664e-01
8.959966902795428e-03	9.979695e-01
8.979498152795428e-03	9.979729e-01
8.999029402795428e-03	9.979765e-01
9.028326277795427e-03	9.979824e-01
9.057623152795426e-03	9.979885e-01
9.086920027795426e-03	9.979946e-01
9.155279402795424e-03	9.980081e-01
9.174810652795424e-03	9.980116e-01
9.184576277795424e-03	9.980133e-01
9.194341902795423e-03	9.980148e-01
9.204107527795423e-03	9.980163e-01
9.213873152795423e-03	9.980177e-01
9.223638777795423e-03	9.980191e-01
9.233404402795423e-03	9.980204e-01
9.243170027795422e-03	9.980215e-01
9.252935652795422e-03	9.980226e-01
9.262701277795422e-03	9.980236e-01
9.272466902795422e-03	9.980246e-01
9.282232527795422e-03	9.980254e-01
9.301763777795421e-03	9.980268e-01
9.321295027795421e-03	9.980279e-01
9.340826277795420e-03	9.980286e-01
9.360357527795420e-03	9.980289e-01
9.379888777795420e-03	9.980289e-01
9.399420027795419e-03	9.980286e-01
9.418951277795419e-03	9.980280e-01
9.438482527795418e-03	9.980271e-01
9.458013777795418e-03	9.980259e-01
9.477545027795417e-03	9.980245e-01
9.497076277795417e-03	9.980229e-01
9.516607527795417e-03	9.980211e-01
9.536138777795416e-03	9.980192e-01
9.565435652795416e-03	9.980161e-01
9.594732527795415e-03	9.980128e-01
9.624029402795414e-03	9.980096e-01
9.633795027795414e-03	9.980085e-01
9.643560652795414e-03	9.980074e-01
9.653326277795414e-03	9.980063e-01
9.663091902795413e-03	9.980053e-01
9.672857527795413e-03	9.980043e-01
9.682623152795413e-03	9.980032e-01
9.692388777795413e-03	9.980022e-01
9.711920027795412e-03	9.980004e-01
9.721685652795412e-03	9.979995e-01
9.731451277795412e-03	9.979987e-01
9.741216902795412e-03	9.979978e-01
9.750982527795412e-03	9.979970e-01
9.760748152795411e-03	9.979963e-01
9.770513777795411e-03	9.979956e-01
9.780279402795411e-03	9.979949e-01
9.790045027795411e-03	9.979943e-01
9.799810652795411e-03	9.979938e-01
9.809576277795410e-03	9.979932e-01
9.819341902795410e-03	9.979928e-01
9.829107527795410e-03	9.979923e-01
9.848638777795410e-03	9.979916e-01
9.868170027795409e-03	9.979911e-01
9.887701277795409e-03	9.979908e-01
9.907232527795408e-03	9.979906e-01
9.926763777795408e-03	9.979907e-01
9.946295027795407e-03	9.979909e-01
9.965826277795407e-03	9.979913e-01
9.985357527795407e-03	9.979918e-01
9.995123152795406e-03	9.979921e-01
1.000000000000000e-02	9.979923e-01
